5 1.09866e-05
6 1.12919e-05
7 1.16391e-05
8 1.19913e-05
9 1.23748e-05
10 1.2774e-05
11 1.30451e-05
12 1.33175e-05
13 1.36127e-05
14 1.39098e-05
15 1.42324e-05
16 1.46599e-05
17 1.51277e-05

5 1.09866e-05
6 1.12919e-05
7 1.16391e-05
8 1.19913e-05
9 1.23748e-05
10 1.2774e-05
11 1.30451e-05
12 1.33175e-05
13 1.36127e-05
14 1.39098e-05
15 1.42324e-05
16 1.46599e-05
17 1.51277e-05

5 1.22073e-06
6 1.25465e-06
7 1.29324e-06
8 1.33237e-06
9 1.37498e-06
10 1.41933e-06
11 1.44946e-06
12 1.47972e-06
13 1.51252e-06
14 1.54553e-06
15 1.58138e-06
16 1.62888e-06
17 1.68086e-06

5 1.22073e-06
6 1.25465e-06
7 1.29324e-06
8 1.33237e-06
9 1.37498e-06
10 1.41933e-06
11 1.44946e-06
12 1.47972e-06
13 1.51252e-06
14 1.54553e-06
15 1.58138e-06
16 1.62888e-06
17 1.68086e-06

